255 255 255 255 255 255 255 255 255 255 255 255 255 255 255 255
255 255 255 255 255 255 255 255 255 255 255 255 255 255 255 255
255 255   0   0   0   0   0   0   0   0   0   0   0   0 255 255
255 255   0   0   0   0   0   0   0   0   0   0   0   0 255 255
255 255   0   0   0   0   0   0   0   0   0   0   0   0 255 255
255 255   0   0   0   0   0   0   0   0  39   0   0   0 255 255
255 255   0   0   0   0 234   1   0   0  39   0   0   0 255 255
255 255   0   0   0   0   0 160  17   0  39   0   0   0 255 255
255 255   0   0   0   0   0   0   0   0  39   0   0   0 255 255
255 255   0   0   0   0 255 174 156   0  39   0   0   0 255 255
255 255   0   0   0   0   0   0   0   0  39   0   0   0 255 255
255 255   0   0   0   0   0   0   0   0   0   0   0   0 255 255
255 255   0   0   0   0   0   0   0   0   0   0   0   0 255 255
255 255   0   0   0   0   0   0   0   0   0   0   0   0 255 255
255 255 255 255 255 255 255 255 255 255 255 255 255 255 255 255
255 255 255 255 255 255 255 255 255 255 255 255 255 255 255 255
255 255 255 255 255 255 255 255 255 255 255 255 255 255 255 255
255 255 255 255 255 255 255 255 255 255 255 255 255 255 255 255
255 255   0   0   0   0   0   0   0   0   0   0   0   0 255 255
255 255   0   0   0   0   0   0   0   0   0   0   0   0 255 255
255 255   0   0   0   0   0   0   0   0   0   0   0   0 255 255
255 255   0   0   0   0   0   0   0   0  39   0   0   0 255 255
255 255   0   0   0   0 234   1   0   0  39   0   0   0 255 255
255 255   0   0   0   0   0 160  17   0  39   0   0   0 255 255
255 255   0   0   0   0   0   0   0   0  39   0   0   0 255 255
255 255   0   0   0   0 255 174 156   0  39   0   0   0 255 255
255 255   0   0   0   0   0   0   0   0  39   0   0   0 255 255
255 255   0   0   0   0   0   0   0   0   0   0   0   0 255 255
255 255   0   0   0   0   0   0   0   0   0   0   0   0 255 255
255 255   0   0   0   0   0   0   0   0   0   0   0   0 255 255
255 255 255 255 255 255 255 255 255 255 255 255 255 255 255 255
255 255 255 255 255 255 255 255 255 255 255 255 255 255 255 255
255 255 255 255 255 255 255 255 255 255 255 255 255 255 255 255
255 255 255 255 255 255 255 255 255 255 255 255 255 255 255 255
255 255   0   0   0   0   0   0   0   0   0   0   0   0 255 255
255 255   0   0   0   0   0   0   0   0   0   0   0   0 255 255
255 255   0   0   0   0   0   0   0   0   0   0   0   0 255 255
255 255   0   0   0   0   0   0   0   0  39   0   0   0 255 255
255 255   0   0   0   0 234   1   0   0  39   0   0   0 255 255
255 255   0   0   0   0   0 160  17   0  39   0   0   0 255 255
255 255   0   0   0   0   0   0   0   0  39   0   0   0 255 255
255 255   0   0   0   0 255 174 156   0  39   0   0   0 255 255
255 255   0   0   0   0   0   0   0   0  39   0   0   0 255 255
255 255   0   0   0   0   0   0   0   0   0   0   0   0 255 255
255 255   0   0   0   0   0   0   0   0   0   0   0   0 255 255
255 255   0   0   0   0   0   0   0   0   0   0   0   0 255 255
255 255 255 255 255 255 255 255 255 255 255 255 255 255 255 255
255 255 255 255 255 255 255 255 255 255 255 255 255 255 255 255

255 255 255 255 255 255 255 255 255 255 255 255 255 255 255 255
255 214 153 153 153 153 153 153 153 153 153 153 153 153 214 255
255 153   0   0   0   0   0   0   0   0   0   0   0   0 153 255
255 153   0   0   0   0   0   0   0   0   0   0   0   0 153 255
255 153   0   0  10  51  51  51  51  51  51  10   0   0 153 255
255 153   0   0  51 164 116 116 116 116 164  51   0   0 153 255
255 153   0   0  51  88   0   0   0   4  92  51   0   0 153 255
255 153   0   0  51 116  46  76  46  50 100  51   0   0 153 255
255 153   0   0  51 112  72  71  55  56  92  51   0   0 153 255
255 153   0   0  51 105 108  61  56 102 108  51   0   0 153 255
255 153   0   0  51 154 137  87 100 132 149  51   0   0 153 255
255 153   0   0  10  51  51  51  51  51  51  10   0   0 153 255
255 153   0   0   0   0   0   0   0   0   0   0   0   0 153 255
255 153   0   0   0   0   0   0   0   0   0   0   0   0 153 255
255 214 153 153 153 153 153 153 153 153 153 153 153 153 214 255
255 255 255 255 255 255 255 255 255 255 255 255 255 255 255 255
255 255 255 255 255 255 255 255 255 255 255 255 255 255 255 255
255 214 153 153 153 153 153 153 153 153 153 153 153 153 214 255
255 153   0   0   0   0   0   0   0   0   0   0   0   0 153 255
255 153   0   0   0   0   0   0   0   0   0   0   0   0 153 255
255 153   0   0  10  51  51  51  51  51  51  10   0   0 153 255
255 153   0   0  51 164 116 116 116 116 164  51   0   0 153 255
255 153   0   0  51  88   0   0   0   4  92  51   0   0 153 255
255 153   0   0  51 116  46  76  46  50 100  51   0   0 153 255
255 153   0   0  51 112  72  71  55  56  92  51   0   0 153 255
255 153   0   0  51 105 108  61  56 102 108  51   0   0 153 255
255 153   0   0  51 154 137  87 100 132 149  51   0   0 153 255
255 153   0   0  10  51  51  51  51  51  51  10   0   0 153 255
255 153   0   0   0   0   0   0   0   0   0   0   0   0 153 255
255 153   0   0   0   0   0   0   0   0   0   0   0   0 153 255
255 214 153 153 153 153 153 153 153 153 153 153 153 153 214 255
255 255 255 255 255 255 255 255 255 255 255 255 255 255 255 255
255 255 255 255 255 255 255 255 255 255 255 255 255 255 255 255
255 214 153 153 153 153 153 153 153 153 153 153 153 153 214 255
255 153   0   0   0   0   0   0   0   0   0   0   0   0 153 255
255 153   0   0   0   0   0   0   0   0   0   0   0   0 153 255
255 153   0   0  10  51  51  51  51  51  51  10   0   0 153 255
255 153   0   0  51 164 116 116 116 116 164  51   0   0 153 255
255 153   0   0  51  88   0   0   0   4  92  51   0   0 153 255
255 153   0   0  51 116  46  76  46  50 100  51   0   0 153 255
255 153   0   0  51 112  72  71  55  56  92  51   0   0 153 255
255 153   0   0  51 105 108  61  56 102 108  51   0   0 153 255
255 153   0   0  51 154 137  87 100 132 149  51   0   0 153 255
255 153   0   0  10  51  51  51  51  51  51  10   0   0 153 255
255 153   0   0   0   0   0   0   0   0   0   0   0   0 153 255
255 153   0   0   0   0   0   0   0   0   0   0   0   0 153 255
255 214 153 153 153 153 153 153 153 153 153 153 153 153 214 255
255 255 255 255 255 255 255 255 255 255 255 255 255 255 255 255

255 255 255 255 255 255 255 255 255 255 255 255 255 255 255 255
255 214 153 153 153 153 153 153 153 153 153 153 153 153 214 255
255 153   0   0   0   0   0   0   0   0   0   0   0   0 153 255
255 153   0   0   0   0   0   0   0   0   0   0   0   0 153 255
255 153   0   0  10  51  51  51  51  51  51  10   0   0 153 255
255 153   0   0  51 164  92 100  92 108 149  51   0   0 153 255
255 153   0   0  51 116   4  50  56 102 132  51   0   0 153 255
255 153   0   0  51 116   0  46  55  56 100  51   0   0 153 255
255 153   0   0  51 116   0  76  71  61  87  51   0   0 153 255
255 153   0   0  51 116   0  46  72 108 137  51   0   0 153 255
255 153   0   0  51 164  88 116 112 105 154  51   0   0 153 255
255 153   0   0  10  51  51  51  51  51  51  10   0   0 153 255
255 153   0   0   0   0   0   0   0   0   0   0   0   0 153 255
255 153   0   0   0   0   0   0   0   0   0   0   0   0 153 255
255 214 153 153 153 153 153 153 153 153 153 153 153 153 214 255
255 255 255 255 255 255 255 255 255 255 255 255 255 255 255 255
255 255 255 255 255 255 255 255 255 255 255 255 255 255 255 255
255 214 153 153 153 153 153 153 153 153 153 153 153 153 214 255
255 153   0   0   0   0   0   0   0   0   0   0   0   0 153 255
255 153   0   0   0   0   0   0   0   0   0   0   0   0 153 255
255 153   0   0  10  51  51  51  51  51  51  10   0   0 153 255
255 153   0   0  51 164  92 100  92 108 149  51   0   0 153 255
255 153   0   0  51 116   4  50  56 102 132  51   0   0 153 255
255 153   0   0  51 116   0  46  55  56 100  51   0   0 153 255
255 153   0   0  51 116   0  76  71  61  87  51   0   0 153 255
255 153   0   0  51 116   0  46  72 108 137  51   0   0 153 255
255 153   0   0  51 164  88 116 112 105 154  51   0   0 153 255
255 153   0   0  10  51  51  51  51  51  51  10   0   0 153 255
255 153   0   0   0   0   0   0   0   0   0   0   0   0 153 255
255 153   0   0   0   0   0   0   0   0   0   0   0   0 153 255
255 214 153 153 153 153 153 153 153 153 153 153 153 153 214 255
255 255 255 255 255 255 255 255 255 255 255 255 255 255 255 255
255 255 255 255 255 255 255 255 255 255 255 255 255 255 255 255
255 214 153 153 153 153 153 153 153 153 153 153 153 153 214 255
255 153   0   0   0   0   0   0   0   0   0   0   0   0 153 255
255 153   0   0   0   0   0   0   0   0   0   0   0   0 153 255
255 153   0   0  10  51  51  51  51  51  51  10   0   0 153 255
255 153   0   0  51 164  92 100  92 108 149  51   0   0 153 255
255 153   0   0  51 116   4  50  56 102 132  51   0   0 153 255
255 153   0   0  51 116   0  46  55  56 100  51   0   0 153 255
255 153   0   0  51 116   0  76  71  61  87  51   0   0 153 255
255 153   0   0  51 116   0  46  72 108 137  51   0   0 153 255
255 153   0   0  51 164  88 116 112 105 154  51   0   0 153 255
255 153   0   0  10  51  51  51  51  51  51  10   0   0 153 255
255 153   0   0   0   0   0   0   0   0   0   0   0   0 153 255
255 153   0   0   0   0   0   0   0   0   0   0   0   0 153 255
255 214 153 153 153 153 153 153 153 153 153 153 153 153 214 255
255 255 255 255 255 255 255 255 255 255 255 255 255 255 255 255

255 255 255 255 255 255 255 255 255 255 255 255 255 255 255 255
255 214 153 153 153 153 153 153 153 153 153 153 153 153 214 255
255 153   0   0   0   0   0   0   0   0   0   0   0   0 153 255
255 153   0   0   0   0   0   0   0   0   0   0   0   0 153 255
255 153   0   0  10  51  51  51  51  51  51  10   0   0 153 255
255 153   0   0  51 149 132 100  87 137 154  51   0   0 153 255
255 153   0   0  51 108 102  56  61 108 105  51   0   0 153 255
255 153   0   0  51  92  56  55  71  72 112  51   0   0 153 255
255 153   0   0  51 100  50  46  76  46 116  51   0   0 153 255
255 153   0   0  51  92   4   0   0   0  88  51   0   0 153 255
255 153   0   0  51 164 116 116 116 116 164  51   0   0 153 255
255 153   0   0  10  51  51  51  51  51  51  10   0   0 153 255
255 153   0   0   0   0   0   0   0   0   0   0   0   0 153 255
255 153   0   0   0   0   0   0   0   0   0   0   0   0 153 255
255 214 153 153 153 153 153 153 153 153 153 153 153 153 214 255
255 255 255 255 255 255 255 255 255 255 255 255 255 255 255 255
255 255 255 255 255 255 255 255 255 255 255 255 255 255 255 255
255 214 153 153 153 153 153 153 153 153 153 153 153 153 214 255
255 153   0   0   0   0   0   0   0   0   0   0   0   0 153 255
255 153   0   0   0   0   0   0   0   0   0   0   0   0 153 255
255 153   0   0  10  51  51  51  51  51  51  10   0   0 153 255
255 153   0   0  51 149 132 100  87 137 154  51   0   0 153 255
255 153   0   0  51 108 102  56  61 108 105  51   0   0 153 255
255 153   0   0  51  92  56  55  71  72 112  51   0   0 153 255
255 153   0   0  51 100  50  46  76  46 116  51   0   0 153 255
255 153   0   0  51  92   4   0   0   0  88  51   0   0 153 255
255 153   0   0  51 164 116 116 116 116 164  51   0   0 153 255
255 153   0   0  10  51  51  51  51  51  51  10   0   0 153 255
255 153   0   0   0   0   0   0   0   0   0   0   0   0 153 255
255 153   0   0   0   0   0   0   0   0   0   0   0   0 153 255
255 214 153 153 153 153 153 153 153 153 153 153 153 153 214 255
255 255 255 255 255 255 255 255 255 255 255 255 255 255 255 255
255 255 255 255 255 255 255 255 255 255 255 255 255 255 255 255
255 214 153 153 153 153 153 153 153 153 153 153 153 153 214 255
255 153   0   0   0   0   0   0   0   0   0   0   0   0 153 255
255 153   0   0   0   0   0   0   0   0   0   0   0   0 153 255
255 153   0   0  10  51  51  51  51  51  51  10   0   0 153 255
255 153   0   0  51 149 132 100  87 137 154  51   0   0 153 255
255 153   0   0  51 108 102  56  61 108 105  51   0   0 153 255
255 153   0   0  51  92  56  55  71  72 112  51   0   0 153 255
255 153   0   0  51 100  50  46  76  46 116  51   0   0 153 255
255 153   0   0  51  92   4   0   0   0  88  51   0   0 153 255
255 153   0   0  51 164 116 116 116 116 164  51   0   0 153 255
255 153   0   0  10  51  51  51  51  51  51  10   0   0 153 255
255 153   0   0   0   0   0   0   0   0   0   0   0   0 153 255
255 153   0   0   0   0   0   0   0   0   0   0   0   0 153 255
255 214 153 153 153 153 153 153 153 153 153 153 153 153 214 255
255 255 255 255 255 255 255 255 255 255 255 255 255 255 255 255
